494
2940
3076
3465
5979
5571
6266
5302
5548
5623
9711
4357
7218
8262
4485
4000
7754
4036
7152
2937
6409
413
3901
5734
485
1933
8598
6815
1218
327
8636
3487
9922
8369
4345
6852
662
8174
9717
763
4953
8232
4457
7761
5400
8661
7807
2425
9876
8918
747
763
3949
439
3876
2190
1221
1098
5273
738
9798
7758
8051
5734
2791
3515
7349
4041
4152
8474
3637
3219
8627
6840
9638
7010
7606
8035
1756
2054
8475
9512
5772
7786
4775
7303
3240
2290
3394
1043
795
8734
2316
8097
1037
3312
5334
4158
7771
9728
3099
5072
6162
5600
8822
7198
361
6067
1944
7095
3964
9041
2094
975
830
6416
4861
7106
8023
2076
6621
6051
4407
4965
3697
9934
1840
6711
9065
5068
6532
2738
5647
6609
9844
3325
7975
2921
9151
2783
9175
9548
1834
2454
2154
6351
2229
862
2143
589
2194
7881
6397
5929
5046
1798
100
2426
3990
6344
8494
732
2974
500
7933
2693
2350
4589
8609
6927
9930
9716
2790
3465
7704
4733
9309
2727
4961
7061
6732
1817
8479
1599
3123
348
221
1679
587
8168
7971
9916
2309
7147
8309
8301
5853
4725
7343
9742
6693
2078
9078
2022
4316
2196
7878
365
1538
5214
5381
6226
8401
810
894
2793
1805
170
7031
3844
6523
1310
1525
6299
3619
1878
117
3095
848
6879
5915
7378
6578
5482
5320
6868
9377
7228
6791
420
9065
4802
3775
9048
5859
6225
4421
9484
3757
4934
1425
9331
9525
604
3947
7764
5253
5680
7089
1498
2037
3804
5030
5834
5160
8311
3020
1022
4312
7427
9787
4792
8938
9295
2299
5117
9067
409
4309
21
546
5229
8060
5507
8201
5056
4104
9799
9359
3463
4331
5508
7630
9557
3352
336
1867
5109
1150
9443
863
6030
9458
3470
1684
1785
1730
8256
2277
1834
2532
8359
7289
5411
6774
9970
2369
8748
2938
6127
3139
6826
990
343
2676
9031
3587
304
1529
2793
7743
3054
6693
1372
8999
4441
3952
4867
7328
3898
3819
3648
8597
9875
1361
7522
725
5055
3976
7170
7604
6546
6235
4849
6862
5738
4512
5341
1624
7040
8329
7559
6921
8608
4552
5366
722
1688
2160
818
6100
2953
817
5876
6452
2730
4684
5066
638
6379
5504
7495
607
4731
573
8609
7660
444
9300
7630
685
3674
562
6237
6604
4559
1932
6794
4733
5592
6872
4846
6841
811
8551
7964
5226
3938
2453
8989
4904
4156
7658
3512
8474
434
269
5477
2917
1777
1517
8499
1701
3392
6962
8701
9350
2199
454
8104
3296
9246
9259
8550
5323
7083
2087
6564
9238
2075
4926
5666
8433
2226
3030
6592
7026
2150
8752
1379
474
5191
4524
2370
277
440
3342
1070
2315
6462
5253
2840
4836
5588
5627
128
6430
3645
8380
6257
6024
5193
8819
3363
7875
8757
1638
2394
3506
5264
1205
3906
5690
9421
8843
5607
4123
7318
3966
3058
5574
6750
1424
4435
8374
9880
7702
1613
5114
5497
7481
6089
7849
3284
2277
9692
5082
3673
7695
7778
1134
7494
9451
5993
398
1132
8352
8605
3341
4749
7404
1432
1158
5336
8876
6201
729
9910
9974
3950
1703
1517
8400
9542
6514
1201
7347
5959
7445
1407
2501
9281
1038
3486
1681
5189
6583
1469
2592
1212
4916
4671
3461
7627
3617
3627
6922
2686
503
7288
1718
3275
6530
4864
4624
1910
1647
4547
1302
1931
1230
1398
3796
5465
8183
4617
1449
6657
4557
1045
167
9087
2145
9677
8816
2468
8125
6583
4613
1649
1134
6467
6066
850
5762
2261
6400
6357
5429
8690
8608
5982
4936
5574
3348
6093
3096
6371
9918
7029
6356
6825
3513
4946
7195
8144
6337
4045
2213
8674
291
3233
722
5947
6941
6295
4452
2862
9498
3715
2923
163
1759
3003
9332
9819
2070
3082
3914
7756
5811
3057
3641
6939
1079
1285
1267
5791
6271
40
5597
6392
571
6086
1480
3456
1440
8147
4460
3410
9160
957
3573
8594
8000
8188
2271
353
7036
3533
4231
9874
3344
8459
6639
4732
2457
4829
9456
5540
7434
1108
7825
7563
8538
4851
7493
1798
6918
1955
1190
7218
4768
3917
6202
6797
2832
9661
3832
421
1291
7708
2292
4951
9445
2410
1768
1830
6701
1403
8986
8042
5537
5556
2435
3046
7703
7774
2663
4440
6699
6202
9927
3042
708
7685
970
8782
4658
4902
5756
4494
6120
9595
4446
4016
6315
8367
1878
7264
7822
9907
6385
9990
4671
8233
9998
7812
419
6754
2218
2274
5219
8945
7846
1519
7449
660
2715
6434
8300
2270
6449
4930
6051
4560
5718
7636
5914
808
3098
2455
3465
6166
3273
7788
6432
9644
8193
9167
7313
6437
3331
681
7056
685
7691
9400
3577
1038
8102
4628
8644
6890
3955
1896
6890
4274
6732
7954
5046
3383
6382
3835
4957
9603
6362
86
9618
1938
3920
8591
682
495
3036
3534
9063
6366
5041
5542
1692
7521
8909
7659
8912
70
2406
5765
2815
5066
401
5362
7126
6561
1984
9750
4265
9216
5548
3070
4902
8275
8774
3821
2060
8531
1522
165
4300
1540
8335
8347
2103
826
7516
4118
651
5663
4350
5931
6434
4110
3391
6994
9788
364
3896
1328
3329
8730
9895
6141
75
8508
3910
9870
9
692
9049
3942
3810
4981
8735
5532
5150
5221
3808
1492
8341
533
2834
5261
6398
8978
7352
7759
9688
9743
5628
4451
3477
2100
8542
9332
1856
8807
7752
6052
8994
793
4073
725
7544
6550
6996
616
1306
370
9014
9717
6810
2479
8337
6226
3220
2435
3850
6865
8459
3487
3860
7806
9877
7632
5829
4790
1430
9687
1515
6681
566
3489
9662
7339
1039
1511
166
1147
1486
5790
9386
8710
4262
3830
5465
5825
6820
2172
1715
4793
2131
2084
7110
1518
8658
3035
2936
5244
8130
6397
5984
946
2954
8898
3794
4611
9657
4261
2141
561
5149
1951
5222
5342
2361
7769
8677
9031
2863
4717
6520
7854
8033
2782
5440
5018
6978
3247
2656
784
8953
7716
2953
3804
3565
1244
9020
2576
8584
3852
7207
7530
9108
8737
7643
5975
7188
9811
3083
2611
243
615
4554
6361
7814
8879
2006
9691
6849
7116
4931
9964
9367
3432
5817
286
2466
9717
8592
6577
1971
5170
9524
2113
5209
5793
9654
6362
5663
2515
8956
9039
9506
98
6
3544
5797
8847
5655
6571
8167
27
767
798
4704
5486
3254
4492
5104
6513
388
7062
4661
7738
1931
972
5546
8666
6518
2866
2337
104
7656
6055
6611
4215
8732
1753
2438
9691
8529
5644
1315
5869
2673
9249
9681
6219
7815
8329
2353
2343
7856
7154
1495
5436
8597
8320
3390
9979
3080
3692
9490
4223
1825
7887
9204
2277
8403
4154
6789
4834
4708
9137
2147
6549
5636
7604
3767
281
1333
7533
3445
1209
9792
2854
7100
2752
1181
3346
7987
9580
4588
3537
9261
9045
97
6355
2971
6837
8896
3711
7738
9456
2286
647
3886
3499
1957
8765
995
6799
9431
6420
8341
1640
1861
6275
1674
7284
8831
8600
1893
221
5538
3000
587
3330
2416
6757
516
3419
1725
6072
3747
9292
4902
3507
9306
898
9784
3591
4041
8390
1250
6762
382
2955
3282
8905
3020
5029
8590
650
1106
1705
9355
2976
7668
3411
7267
9446
312
5681
235
6589
5038
6303
6701
5509
9834
7233
8684
7822
5920
930
9361
1140
7294
6399
4200
1008
3559
8252
3252
656
9886
8985
1914
1177
7502
5230
7371
5680
7100
2672
5658
9147
601
4201
1507
3422
6517
4894
3080
6804
4860
4901
158
2585
9320
8712
9278
6360
5685
4060
8607
6151
8897
9240
9577
9439
9931
5719
6773
7022
2934
7350
1342
9629
8160
800
3820
3300
5249
3862
6448
1382
1050
2268
6501
8126
1533
5260
5654
3647
8931
7638
1314
1170
2180
3970
1583
8422
6772
2719
1147
1670
3845
7695
5941
2271
8461
2851
4559
6917
2859
9769
9168
3674
2308
8587
1940
4945
1107
2996
8702
8437
223
7773
8229
220
8039
6904
2759
6759
865
4747
6847
5904
7158
4343
99
9577
7764
891
7608
5072
4786
3462
281
3515
9042
7481
5595
4688
9353
6156
574
4982
2780
8627
1132
9535
5604
6940
6354
5506
6793
8809
571
904
2340
7132
2593
8292
4650
746
3686
9608
6792
1694
6564
3192
722
3006
7535
9811
7638
2796
9708
6509
1274
5377
1818
9013
2111
2141
1437
734
9442
8557
7189
9919
5657
9260
8905
4749
5048
8773
8205
6539
8257
4640
6609
6527
7963
3307
5403
7581
4889
3036
1543
9510
8792
8188
1572
4085
3226
1416
6168
6138
550
8394
7191
819
964
1356
1401
9883
6317
6368
9106
3665
9510
6650
618
4667
7217
5341
6196
7682
6908
1843
186
777
5824
6396
8368
3520
4653
8280
5138
3809
948
38
4388
6901
1708
1
8194
1607
49
8200
9690
6683
2333
2215
9385
458
488
2454
1470
1158
431
7172
6551
5252
2120
7335
3686
4516
6775
3375
989
5524
6110
1339
2131
3079
1150
7812
5781
1012
260
9205
5668
1890
2903
1510
4322
1617
315
8285
6605
4033
1077
7396
6948
7143
5326
2728
6047
4284
3687
1719
5362
1185
6320
4396
1965
1357
2222
6331
6121
9613
8216
2152
5629
3128
4760
5335
6080
3000
4538
3032
1920
6442
9732
432
8121
6089
3002
9722
2014
6262
8486
1821
8876
1952
5395
9107
4970
6971
3512
5215
5894
9917
7333
4463
6228
9063
534
6528
2145
320
2086
6523
5761
2276
8634
7391
5358
7097
4569
5302
9740
4409
2395
2191
8841
5779
351
5996
1850
5931
8551
1641
6034
3855
7926
4602
8707
5215
5273
706
4605
1372
6446
2088
4687
3236
1133
3709
6018
3951
3482
1117
6809
6871
132
781
9176
4551
4386
4989
983
7400
9654
195
4456
6129
8310
3977
3304
8398
1141
5630
3720
3983
8080
4642
4053
8170
1681
1682
4561
9043
4083
94
6383
8237
8097
9165
3313
5127
8141
7716
9954
8034
8221
4547
1705
9101
8919
2145
3906
5420
9018
2001
3260
9864
7123
7402
8848
8399
570
6237
329
4031
1831
7713
4547
9078
3507
3326
9298
6744
3764
4675
3473
6423
2758
7533
1901
8409
2254
1716
3256
4180
5660
1281
50
7853
2923
2325
3356
1988
2555
2640
6318
6897
8731
828
2226
7233
5315
8160
7895
4475
2514
5416
8441
8415
1776
3520
6090
6387
7949
6551
4175
2709
4589
3371
3705
4082
4943
8654
9480
8752
3402
4816
2308
933
5302
9049
9364
3733
8173
2778
2364
2146
8329
9355
2807
3615
3340
7093
2985
3632
1580
3902
7143
5342
6775
810
1656
8922
6278
3057
6560
8966
3484
7703
1037
9035
5648
5779
3696
4704
3443
5839
165
2387
6519
173
2595
2764
5307
866
526
3114
9594
4022
5987
6839
7162
3325
1696
2958
2194
11
2945
8563
6640
237
1415
6256
4838
7619
685
8414
4308
4858
4774
4053
513
265
9036
9972
9056
1687
4323
8690
6474
1635
7277
479
6217
3663
3490
3403
6589
5862
4374
2269
332
758
5800
4514
3622
4440
7045
6719
6365
6043
2066
9372
47
8285
8629
8991
9673
3395
7439
3586
7443
120
9472
5671
2073
607
6097
8529
9256
3658
6213
1655
9971
6232
3279
3954
5964
4165
2789
1147
1238
9184
2566
7959
2172
7816
1723
7499
4926
3716
1780
2759
1828
7052
7291
2718
5613
96
9125
7230
5233
7460
902
3717
386
5475
5947
2820
8661
5613
6833
3381
411
3587
7776
48
1037
7469
4519
5945
2234
7199
9257
9911
7787
8225
7415
3926
1907
4118
1491
7161
272
1610
2940
1272
2456
9854
2777
2381
9029
2827
9565
1389
4754
3791
2363
9179
2064
103
3859
3892
3406
6489
9304
1064
6617
7258
3153
8695
9330
4470
1713
3260
8393
8465
4901
4889
3222
4330
4396
9294
2585
4361
4785
3695
8435
6340
2505
460
8646
9735
677
4078
533
5441
9827
2246
3176
7358
5116
2880
9786
1179
5318
5369
3926
3693
9907
2975
666
1217
9626
2019
2472
7729
8034
1376
4857
4758
8015
4572
8425
5990
3562
8166
9084
3747
9772
9523
6379
5511
1938
7376
9779
4736
8456
464
2009
3176
8812
8642
9284
9049
8757
7251
964
7732
9062
3967
6983
1901
9051
9462
6326
6799
3162
2865
9569
6002
946
4723
8488
5659
7002
4652
5173
2978
2863
9741
9343
3315
1235
5809
1434
7825
2256
3071
2780
7346
9647
9986
4938
7852
8673
4117
6162
4913
9284
893
4808
183
3538
9815
8130
4868
8882
1909
2637
6526
9701
8243
2344
6049
4986
5749
8377
2516
1457
2618
2501
1423
5501
9221
9071
4704
2653
2084
4190
8495
8322
1759
9440
8488
2990
7004
3694
7922
2034
4780
3191
2552
3097
4063
9246
990
5101
8640
7108
2454
2608
9227
1203
1368
7263
5958
7649
3696
8809
5014
8132
763
3890
5862
5063
8090
63
9553
7299
3326
5373
3990
7686
3424
7367
9025
656
9627
250
4042
5867
1587
1305
5258
9851
8950
4505
301
7903
4000
3588
8019
8650
7392
451
9413
2324
5834
2240
6246
716
6713
2692
8882
2805
8938
8627
6863
2455
1395
4006
4211
8017
9347
3962
4465
9757
1107
5652
954
1719
9117
6581
7723
3129
7213
652
1106
3407
7598
5172
4982
3444
8262
5203
8085
3751
1847
9576
9690
6139
1805
2422
4265
6718
6625
7577
2821
9291
4363
9906
7657
9934
8585
721
7882
1399
8004
8809
8587
7237
2100
3879
2103
9071
8597
4839
4444
3773
6455
4998
1985
7276
9276
700
9934
99
9715
1785
4450
9238
7670
8192
9334
1273
6283
3061
2438
7951
2410
6533
1362
1393
2024
2402
1942
6389
4454
6518
3935
9822
4201
8290
2862
2968
5619
8259
3172
7737
1441
3956
4441
4414
5871
6663
9748
6218
1902
6992
2485
1917
2700
6076
5655
4657
8530
619
3665
9854
4975
7501
1436
4029
5970
348
5854
5869
3628
9229
655
4479
824
7088
445
3922
1065
2911
1514
5523
4836
6639
5912
5105
8752
8985
1464
8365
2566
5786
943
2733
381
7284
1053
1297
2463
2073
3315
8772
4656
8677
672
815
7277
240
3793
8172
2517
8405
2372
6259
9648
3751
6213
5672
1199
2992
3143
3645
6896
5981
3156
3753
1760
6684
1719
3757
4972
4997
7254
5256
143
8504
8649
7991
184
163
5179
7208
2322
4713
2422
973
4979
2545
5558
411
3626
6849
3268
8521
7613
7255
2589
5944
2801
8526
5189
3468
543
5597
9545
6652
5205
7492
53
3875
7223
2327
8837
7369
1760
4860
9428
5401
7250
3365
6018
5835
2526
9184
7366
927
3184
548
3668
9489
1507
8036
968
2491
4887
7149
135
2991
5677
3622
5595
5124
692
3140
7553
279
739
1146
3507
2969
2501
2214
1821
2570
1057
1110
8255
5740
5070
3376
8186
5746
4919
3251
7801
3304
2330
1612
7803
7103
7210
2679
9079
5925
3645
6298
1996
740
7440
8603
5138
6313
3014
4851
3498
5430
3714
188
1252
3563
6968
8127
7321
1048
5978
9369
6274
7146
1936
3780
1011
7945
9914
4399
5458
9325
5610
4012
875
618
1543
3325
7814
3955
2646
1512
5151
2577
65
5004
6322
1939
2450
3541
2801
3753
171
5726
1214
8986
9590
6497
2875
6076
7721
653
5188
9356
5473
5524
7519
2148
4492
2766
1927
8240
55
5693
9933
6680
5718
7981
9601
8814
8563
2286
6953
8490
3299
6194
3032
4649
2083
6618
981
6200
5872
3825
3570
5751
9746
499
3606
1463
5500
910
6446
9488
7515
2478
749
410
7619
2409
6517
9527
8411
2751
3488
480
5359
8535
3631
7731
2899
3024
1322
9781
8960
8826
1614
3132
1688
4459
4550
6801
9273
671
7100
2950
5495
7760
5991
3946
4996
8291
4290
9694
1778
649
1905
7555
3399
8200
6497
6021
4263
3825
2336
7370
3934
2126
1899
3862
3143
6430
1559
7443
5796
4324
2851
439
2307
2841
7912
9975
948
5571
6619
55
3646
601
9472
7020
1051
6894
5593
2451
8232
5110
1474
9361
2571
178
5462
1134
2556
9705
7935
3147
834
9579
3107
5285
1100
8838
5465
703
3375
345
8739
1955
6599
8043
5247
6520
4384
4007
5795
1886
2452
8864
2951
6029
1574
3352
4170
3622
5131
4826
6274
77
8431
8438
3238
6134
348
6471
2415
5516
4446
9030
9418
6374
3199
4849
3256
5512
2344
3327
7364
2446
2367
6122
3788
9083
561
269
7799
8796
3908
6183
6255
6717
3111
618
6584
7810
8513
5665
1533
6430
5175
209
2824
7260
2241
4187
868
8167
348
5261
8868
8416
7026
6125
3688
5667
9757
1310
7174
2555
5650
5073
1164
6288
8815
2416
2167
4691
5376
2103
9800
6842
1194
6565
9916
6826
4990
2775
1592
5780
558
3279
7756
7193
264
4936
3718
6545
340
4687
7764
1172
2333
7397
4509
1232
6985
5395
4663
5321
689
1512
2361
1220
6789
1340
3963
7808
4791
3953
6231
5864
624
5345
4680
8892
7622
9006
405
9321
5544
7443
4595
6410
1169
6792
1189
7358
7199
4180
6406
113
3692
5080
643
8615
5911
5901
818
8200
4505
802
545
8171
4287
8500
9150
6253
5999
1349
9705
3248
7535
4266
282
8769
748
6076
9765
3236
5364
5147
6393
9204
1588
5260
4988
286
9344
5550
3329
3456
5798
7429
7093
3151
1043
1104
1035
943
9532
6335
577
7994
7195
728
9619
3337
4132
4641
7709
7149
9727
7898
8662
6578
2488
4788
9379
6376
8852
8539
521
9632
2525
6631
4094
489
2390
8704
2363
2759
8288
9768
3167
4006
4413
7498
8885
1162
4390
9974
3568
3990
7604
6054
3507
5906
7889
848
3812
2534
9073
2254
6141
5544
3877
6227
5805
6937
2907
761
2832
1551
9947
2818
6093
1573
5981
6337
7461
2172
2846
7723
4201
1853
8335
815
5391
3167
1205
4022
7199
1359
6382
4
6233
2174
5863
2835
6820
2124
7412
4151
1946
5201
1699
5419
5690
9894
2977
6540
6305
5194
3505
3299
2610
159
6968
6513
5289
6825
3160
4483
1592
7444
7599
3902
8666
8494
4080
7500
482
8398
3451
9603
2261
7175
6724
5174
2250
1705
4173
1585
849
5832
4876
7268
319
8497
8916
8360
4478
8938
9073
5627
1670
7823
407
5201
5926
2409
3794
6609
8042
1775
4116
1266
5527
8541
9802
5658
3490
5794
5764
1494
9659
8307
3796
1726
5609
1233
4261
8001
4321
6498
7183
2794
8722
6515
4686
9688
2470
749
7644
9965
9351
6953
3520
2354
9428
9552
171
4460
9758
8765
2382
129
3348
1969
8227
5250
4729
1245
5688
4944
2773
8951
3590
1079
5152
4987
6583
6810
649
9652
4840
6245
2137
5540
7366
2857
3561
3620
4009
3805
139
8364
5494
9798
5007
5452
4655
8285
6860
7847
2909
9462
5293
1202
2503
4497
289
9365
4565
6520
7460
3993
4808
4536
1798
4611
9329
9652
4920
6604
4183
8243
9781
3436
5184
9205
1969
823
3451
2352
5728
3858
8058
1944
7214
5963
2520
1073
9405
1984
8206
4593
952
6685
4491
2756
299
4353
3035
9765
8956
5901
9099
9162
7066
9639
9316
2382
2254
39
2495
3919
1811
6831
3389
3142
2621
4755
4548
6178
2962
8614
2638
9847
3771
6472
7434
6894
2416
3338
4095
711
1730
5864
914
3715
9898
9709
830
5710
1778
2999
2446
1044
7522
3114
3121
7200
3664
2996
6832
1739
9036
7422
8378
2486
1066
4577
7029
9221
8484
7103
3506
9795
1297
8833
1265
6889
249
7879
6083
2261
6816
6888
8179
4154
1406
1894
2264
2422
2650
3169
7381
1088
754
960
1018
2765
8751
5090
4207
495
9180
197
9006
3179
4947
7764
2695
4332
9927
4104
7659
4723
2469
6534
3449
6433
5304
2572
6487
7464
7236
7407
2995
9690
2140
9880
1016
7624
295
1050
6124
6375
1046
9370
9379
3822
4086
4969
2846
5649
5165
5117
5061
3565
8489
8726
647
5702
8958
1055
2652
8950
8383
7572
4617
5698
3217
9181
4437
9215
2809
2685
4042
9426
381
8158
7228
2924
9719
6689
9085
47
5525
1038
8276
7960
600
4384
1699
8042
6002
8354
8222
8685
8258
583
3531
6937
8211
3514
2728
9813
7478
7675
9539
7988
8383
5756
5765
3927
4507
2205
1169
5106
613
3554
2409
5681
4413
8347
7220
7096
8457
3368
9312
4439
4063
3321
7542
8227
3568
840
3417
213
868
7246
2582
4801
8324
5706
916
5760
3323
1374
1165
8408
4795
2829
8333
4681
1697
6521
8893
9863
3638
8460
2315
2420
5476
4881
6938
1985
4333
7755
3039
4505
4756
7443
3177
4089
8209
2568
7937
306
5136
8854
2491
700
9705
5984
1762
4654
305
4308
4856
9746
5384
5566
980
160
5940
2130
4166
3894
4010
1070
5713
8339
1083
4158
5385
6313
2320
4199
6011
7451
3911
8843
3042
337
9512
1128
7830
1432
6960
8721
8314
1352
6117
9840
2906
5827
4388
5702
4297
8698
2286
2130
9715
3561
7004
1174
7077
8209
1904
4620
8933
189
817
5428
3206
346
1313
2978
8839
1786
8964
721
5992
5699
7399
5905
6742
1624
819
5143
2376
5810
5149
5241
5526
7926
2914
7286
3058
7336
6331
7248
3213
5722
1792
2441
6942
428
2530
4022
1192
3235
6156
2290
2982
3522
5054
3245
9294
1529
2826
2896
6304
286
3951
3080
3955
1691
627
619
262
323
4981
5035
9161
288
6416
6262
3006
3671
3437
8849
5983
2665
5977
3743
5841
3151
132
8934
4428
5201
9698
4272
5029
6795
2115
6208
5744
3513
7138
2010
4733
8285
2757
9386
8816
2639
5810
1300
3415
862
7698
356
6197
4131
6695
9962
5251
2312
1266
6348
8710
7321
5329
4691
9092
7368
6046
3239
2834
6918
2203
3007
2266
3295
4752
6502
7950
3848
6586
9992
544
9511
8603
1717
5978
6051
7417
2159
9027
8169
2886
9630
8846
8839
5022
4475
4405
3713
4764
4601
7941
2897
6806
7608
2408
1997
1380
8319
4893
6334
3829
746
4558
1489
6991
7630
7508
8078
5735
4844
7333
1804
9050
5718
6359
1574
1106
410
7305
5410
2647
4302
3705
6233
8572
2853
7699
8201
9488
5045
9207
1802
6963
5141
5298
9098
1704
5008
7378
5786
2678
985
4005
3085
8900
8963
1472
9476
364
7465
7585
5331
918
4779
2245
7970
704
2662
3629
9465
5013
7044
2501
8415
7814
6233
9761
1865
6470
5018
3725
3452
6882
777
4844
4140
898
4395
7907
2152
772
5183
2295
7764
9639
6584
7438
3183
9445
3618
8060
9477
5291
5730
5343
5861
6811
3474
7700
5931
4589
1985
2285
8888
306
7026
6243
8490
266
9320
1059
2970
5303
5295
8529
4282
6290
1159
1294
8566
7180
4565
9791
2848
8163
566
4243
2247
2452
2956
6556
7388
8439
9398
8544
2646
7837
479
8632
1439
2051
1492
7151
6269
7199
5037
4403
218
4359
3186
442
6396
6691
9739
5509
8364
4976
1978
4218
2046
7845
6376
4950
1840
9457
2782
2970
9829
2697
4348
9761
6107
2133
2448
5700
5465
2238
2762
9500
8883
1674
1800
6147
5660
6826
6220
8536
7249
9801
2472
352
5891
8929
5318
318
1617
8707
2328
4432
4702
8392
6199
700
8087
7019
5317
375
1284
7790
9240
3530
6408
2421
348
7111
5878
2487
3329
1232
7280
9969
2067
4940
6150
2418
8998
5610
6073
9488
8145
3607
2590
9560
7453
5859
6816
515
1995
6320
6202
9380
4944
3933
9557
6820
5525
2618
1266
7096
2673
752
4515
9648
8776
8371
2767
2769
4174
7485
32
4787
1615
7164
7292
5193
742
1558
3963
9173
9008
8475
9523
6116
9341
7465
510
236
315
2143
2838
1488
8569
7405
3537
3658
1318
2440
149
8383
2175
7792
60
6186
932
2438
7819
3908
1223
5943
3814
3614
2755
7435
6004
7865
6170
1810
4609
516
9459
7971
2430
8933
2268
3762
2135
8574
2119
6871
9052
7321
2345
3397
5231
1865
1172
1874
6462
8950
4160
3785
3832
6466
9198
4206
9354
1819
4398
4826
840
7376
9822
6361
9930
2928
1803
8448
8179
6163
4137
7726
3202
6491
6281
7709
2540
2895
6965
6380
4095
2642
1210
4215
1947
5669
8749
6693
9293
3951
3078
1745
7431
9996
2195
1719
1912
9022
2490
5954
6755
7258
4811
9582
6713
9790
7396
5801
9403
5455
8120
1041
4659
8408
5063
5425
8208
7575
7697
1416
3973
9873
7134
5762
9096
397
88
7734
301
3588
959
5862
8916
3227
5410
4837
5690
3958
8692
2319
7209
6094
4166
3983
2203
6497
2789
6544
8485
653
3252
1681
3881
586
2296
820
9917
226
8956
9441
2973
877
9827
2848
3365
7374
3836
2565
121
8122
6361
1892
5561
8162
7110
762
6521
5184
8615
7495
377
4244
4614
6252
4274
6034
6794
9356
1596
7060
4498
4329
7033
2768
6428
8183
9743
8111
3338
1886
1012
9989
1597
255
8131
2876
9447
3995
4023
3513
5915
8688
4328
2167
8174
9738
3263
5154
4797
6947
2037
9362
3467
2790
9271
2630
6909
429
3270
9467
6263
3314
9359
4143
2980
6285
6054
3132
1385
3768
2440
6940
211
3436
1202
301
8741
4534
5836
3718
2931
5123
1951
4623
4646
1868
7727
3964
7051
3453
3083
8614
6876
382
8820
4893
2329
6841
5012
5116
224
4361
6022
8177
8223
4382
9237
4259
2799
2908
5620
8666
9622
5266
9703
409
4416
9349
8848
3663
4737
6748
9324
4923
8711
1885
5486
2823
1126
5175
936
1595
6300
163
7234
9351
5846
2152
6949
8458
1474
4819
9422
7078
3794
7522
3614
3272
3562
2230
3669
5882
9687
9960
3367
1341
4101
9163
2364
7971
5146
1067
3073
2487
8423
1583
2603
8861
585
1180
5926
4195
3947
6452
7414
7964
8524
2366
9901
9048
4441
8690
4824
522
620
229
1023
9893
5134
1858
2036
8296
4928
5610
5671
5535
8021
6480
5577
5317
3425
8255
5390
9625
8486
1823
4513
8682
4579
1928
1763
5194
956
4959
4689
6489
9160
7919
2056
5842
5702
2418
1437
1099
7603
9811
5442
4261
1711
3670
1454
917
7829
7751
3997
2489
7593
1423
1085
8364
4148
7145
918
4509
7892
5678
7006
7503
1194
6804
526
1220
1825
8018
7903
1824
4568
9929
7136
2858
2579
8287
383
4555
7081
4820
5488
5745
771
781
4837
6535
3448
5183
8211
7231
2488
229
1215
6907
2292
1003
6755
1766
2554
1236
5259
2150
1028
8773
9078
9946
9878
3965
6620
6985
6674
2105
8481
7538
2992
6062
4695
3994
7050
4248
348
5024
6939
7822
1287
9699
7984
3761
631
9567
6498
8120
6986
697
7193
7922
4212
5594
9027
5800
9028
443
8204
2331
9545
3569
2364
2740
6369
7807
58
268
4094
737
4225
4305
1501
4163
5468
9322
7031
8532
3161
2939
2547
3039
8197
4324
3203
9794
1603
4882
7815
4567
2496
8085
2493
627
5081
3401
2000
1227
8340
454
6122
9486
123
3047
7806
6455
1219
4502
1587
4559
412
7672
2932
6988
5088
8890
387
7950
880
3600
8861
3055
46
643
1031
4618
6918
8122
8902
8229
6044
1322
2399
3435
618
8553
9219
4297
4219
7571
9569
6948
444
2913
7777
275
3022
9971
3925
1986
2132
7270
4273
6102
4373
4391
5476
7673
7821
801
2884
9303
660
6253
53
536
8177
493
632
5203
7755
20
7771
1861
8753
6174
9567
412
9464
7252
2486
48
6882
8626
4714
9398
2694
7141
8078
8161
8309
4904
2752
3444
8015
7517
3026
6405
246
8863
8822
9571
8407
9299
6360
8088
6807
6303
4709
7453
6923
7930
1885
5001
330
8621
8523
8344
4742
8699
9813
6615
5801
8333
3141
3480
9519
2015
8062
4917
9199
9581
3549
2556
4113
1284
7382
8036
9875
4273
5370
7866
1012
9581
907
6767
7992
9605
1536
3567
7912
9493
7870
5645
9583
6129
1623
9196
6732
3623
1367
907
6171
695
256
2373
1014
4779
5907
5198
138
4828
1857
1860
6144
9544
6591
9277
6082
1634
3696
6399
6813
9052
1454
5198
6788
2283
9949
4862
4506
9778
8196
7864
1016
1612
4199
8416
8859
6252
8324
9497
2804
2370
2595
6009
2386
2580
1793
5949
4204
6914
7950
4091
3888
6684
4599
9205
9099
5717
4849
3475
7734
8332
478
7228
4059
2460
9855
4788
5705
6632
116
2290
2822
1920
8888
7250
7841
3973
2772
8779
4452
4795
683
3382
5013
8780
976
9149
7297
2733
2947
2253
5649
6548
63
4251
8729
9613
3326
3629
2757
1470
276
3403
6694
662
9368
4250
8472
401
653
9612
9142
4885
8097
2234
6109
476
457
8467
9193
1516
6312
5911
6563
7209
5710
2307
1740
9775
4778
6469
3244
1090
8373
6832
6959
321
6057
8072
9265
1495
7081
6616
2299
4903
4145
7840
34
3928
4504
9180
1173
6279
2074
8029
5414
1620
3121
6928
9460
732
713
2787
366
8282
4525
2650
1794
3282
4869
204
1255
3921
6407
4523
2431
2463
9145
4876
255
1974
3321
1948
1024
7148
9048
2290
1758
1804
9760
8288
3372
3314
6273
8668
9844
9152
489
3891
7841
2204
2977
3553
1479
1404
7328
5823
8484
2112
2043
6862
3226
2131
1321
1528
5958
2829
9450
2875
1629
2754
594
7082
9100
5296
7879
2676
6230
488
4179
9152
1267
9134
117
8726
868
7270
4214
1047
8747
2630
9174
434
4938
3317
6950
1473
4022
4282
9707
8418
4039
221
9168
2019
4544
1752
8065
9729
1215
1807
4225
6440
6279
4960
4091
2198
1412
7684
3146
2598
4437
3245
4526
6384
2443
6092
3488
4170
3849
9094
90
5105
6084
7461
2213
206
4173
6828
1647
7963
7275
2919
7444
9621
3455
8915
2870
823
2832
2646
810
4505
5731
8028
5486
5708
5380
9273
1040
7026
8878
5262
2872
1753
2182
7033
3825
6482
2481
4081
7256
4662
9610
7738
9525
8713
2881
1032
9822
1926
7453
7699
1259
1549
407
6042
9006
6664
891
7993
2666
8158
5685
6190
4061
5108
5593
5216
5251
5655
5138
9810
1293
3593
9783
6212
2294
2794
7660
4645
8702
7647
3575
1301
6042
4817
2250
7004
8019
4169
621
8131
3795
894
438
6172
4730
1308
7738
6221
4268
7915
356
4941
6661
9837
9176
5156
517
2561
1673
2914
1257
614
1220
8657
1693
7131
9989
4856
6668
6548
2187
7433
7359
9874
9536
3922
1673
5468
4552
2702
4897
9749
628
7832
9241
2853
7325
5113
5800
6520
5610
4322
8775
4947
4791
2312
5836
3905
7595
7360
7378
940
3241
7764
4865
4880
6728
1843
2423
5337
8537
7129
397
5954
7777
4548
8588
1780
629
3975
3185
7915
8333
1688
8914
1764
5518
2348
2248
9111
7167
5685
6750
242
6328
1377
533
3158
8647
1256
9583
2526
6787
5231
4491
3462
4199
8475
2680
8976
2206
7194
5917
525
2783
9079
129
4189
4995
5947
2935
2452
1624
6352
6950
9782
8429
8895
8202
2074
3159
207
4269
9937
1031
1361
7972
3624
8491
4815
6390
1062
6874
2098
8671
6783
9353
1735
1388
2682
73
3972
758
2706
3712
9494
7013
7114
790
4975
7643
7098
5560
2476
7282
9379
7323
1198
6697
5793
6706
3834
8198
6088
4685
3537
5277
2698
1168
7045
7404
6713
9932
3728
9075
189
1582
9985
139
2042
5013
5116
6289
6443
6575
757
8321
1193
2500
6364
9712
3025
1157
83
105
8728
2164
8391
159
4498
4728
6395
4910
5678
8693
9261
351
8001
4932
8046
4068
7683
8876
5467
6631
5786
6612
535
326
9819
6607
2711
6110
2262
2254
5117
2623
7929
4208
1912
3764
9493
4547
9712
5514
8818
1259
7335
6518
5025
373
2725
3785
1764
3728
613
6959
143
7591
7041
6037
6151
4697
3114
9414
9785
2576
5609
7724
4151
3751
7666
125
6588
6331
306
8032
4381
7884
7768
5661
1395
3120
6426
4635
4200
3690
8538
8833
2160
12
9256
770
540
3576
7670
8050
7994
6115
1867
3696
2756
5177
4576
7844
921
466
6080
4239
6706
6149
1042
1019
7293
9997
2325
4101
4916
6949
7812
8412
1235
1768
9069
5809
1018
6845
7329
7005
9535
279
2756
44
5396
8165
6539
4854
8739
4561
9520
8822
3636
4302
3935
5727
552
9338
9661
5074
4269
5188
362
2925
121
2206
5391
121
5858
3321
2268
5639
168
8309
7357
3283
3363
7383
7506
9191
5901
9464
8741
4857
3936
2025
3504
2562
3338
2703
1918
4043
559
9848
6977
7330
1282
4824
6598
2171
4501
3230
1108
8711
7902
788
1443
2217
8384
501
4454
5645
4449
4338
5717
9820
8198
6235
1182
7819
3465
7159
6045
8186
5387
3365
2650
9794
9168
4088
6854
3728
2309
8294
8032
7293
9801
2308
3855
2010
1193
486
4232
5311
721
1519
4065
5532
9255
3794
475
2292
2134
8884
9308
5801
9272
9328
3562
514
4372
7768
2335
1698
3126
2250
1768
1314
6696
4572
6120
3572
6470
8309
4571
9370
6287
965
776
4961
5510
3439
9018
5878
5793
2580
2959
4047
3022
1855
3908
2528
8900
6572
2413
9269
7821
3100
8283
7752
5500
9407
5641
1674
3475
4163
612
4775
8844
7641
3320
5565
8008
7276
4730
4540
9673
5357
3009
5291
8283
5973
8604
9540
1823
813
6007
1428
9551
7961
5861
6278
7357
862
9520
4196
1463
3271
9767
7308
9090
8493
3870
8480
5179
7828
9502
5642
9128
4878
9406
2337
694
2472
2114
8906
6523
761
7050
2440
1847
3313
7048
7384
4454
5061
9815
1186
8131
1288
2623
734
8574
8691
987
4744
3917
2487
7484
7716
3204
5624
747
178
2772
99
6872
1615
2005
309
8870
3967
9745
8335
2475
1635
17
8144
3666
6057
1341
4292
4310
2820
428
4796
4746
4208
4139
4096
6729
3370
7541
7326
2630
5550
5678
5372
5179
3770
6881
7470
2942
979
2171
6322
7317
9821
1715
879
107
6097
3794
7288
9264
9025
6826
9864
8256
8889
1794
6274
7522
3454
4823
9449
4715
4088
6534
5007
2788
6091
9503
4531
2809
5120
7353
2852
1200
5314
9829
4514
4914
8786
6811
8380
1718
3067
6172
7559
24
529
77
2785
9330
5433
5058
4091
1429
4208
5130
1212
2842
5467
2353
1864
7195
1147
2662
2022
1825
5730
5666
8073
8973
6913
5497
4622
9053
393
8080
9780
5298
9489
1187
1647
3918
7212
6007
5506
9277
1752
2503
3825
4625
6624
4154
1402
4550
5042
3241
6290
2549
2570
7900
5795
7848
7925
8234
7707
7743
2223
7010
3306
2515
2038
1051
5369
9175
4657
9832
1730
410
4022
493
4763
7403
4263
2590
2186
9946
6217
4041
8613
2101
9654
4415
7096
120
4670
7075
841
3723
6218
1610
4692
9216
6872
5644
9109
7030
2971
6169
9641
7019
842
5776
9877
4893
5317
7322
319
9235
6148
5910
788
7737
610
3657
1937
5350
429
1388
3358
7442
3982
6383
9440
3070
2133
8138
1275
990
7038
1909
8469
7258
8736
4920
3626
3759
3254
6277
9928
3400
6908
9257
420
7382
6161
4140
5541
6635
8453
2389
2274
4427
1529
8560
3106
281
2722
3476
8876
7263
9863
2730
7244
404
6323
8607
4826
3237
409
6981
7507
1249
317
8669
2004
5710
8391
4990
1178
3793
3188
5183
7928
519
4488
6210
4058
2773
8624
9006
592
3932
9389
8686
1754
1448
5986
3217
2627
7767
219
5341
1450
3881
2244
8210
811
5532
1143
4697
4896
5890
3347
603
8131
2054
8364
6305
3953
5923
1950
980
6159
531
834
6792
2302
9118
4665
2641
4576
2862
1215
6878
4966
5916
6511
3494
5130
5799
1540
8251
3059
2321
2998
8228
74
7613
6705
5618
6693
8739
793
6594
5055
8846
6328
8734
3046
5471
8277
58
5984
4468
9837
4331
2099
8494
2872
6010
8148
4324
6664
9830
6081
6882
5582
3458
4983
8400
9569
9983
923
2504
9675
4496
2589
2550
3229
4512
8469
2023
2657
1017
8211
4231
3438
9801
286
1128
3012
4749
7105
8712
8689
767
7555
413
9040
2581
1563
1184
7815
1128
3095
275
8950
6650
8376
3284
7648
702
3014
4342
4388
1225
9842
6674
3
8584
3365
9560
9041
1653
9501
5746
5154
915
659
9589
2861
2413
3239
443
2951
807
6166
8523
7054
756
7550
5094
5582
6728
9428
8951
318
8240
5198
9113
8577
8555
9545
6157
7923
3848
8666
3650
8781
3208
459
7957
4146
4265
7365
1505
4376
7250
1519
5964
3874
5620
4853
2143
9260
5261
792
7610
2714
3692
480
8734
4322
1237
3556
3642
9966
234
6879
736
6615
6369
8237
2609
1871
8800
5576
214
5865
9980
8596
9263
5886
234
6720
3177
3745
9538
9156
5543
4177
1493
4599
5069
1101
6342
3181
9835
611
1669
3680
85
4523
9729
9634
5188
4394
988
8752
3092
2092
9550
9364
8535
830
2643
492
4553
6098
7982
6281
167
7133
9743
290
6983
800
8501
5235
440
2595
2926
5405
7443
3608
4109
7400
6966
9910
7011
1556
5617
165
6719
2045
5539
2063
941
9451
4744
6375
9980
992
8494
7811
3380
8328
9790
7570
1699
6501
4398
4582
6093
1995
3580
4142
7973
8535
2474
4336
7617
7334
3073
5436
6547
1272
3247
9791
9310
7156
3732
4362
5227
211
2961
4310
6267
7289
8479
898
3238
6688
9452
1760
4728
851
9347
9257
7001
7060
9801
9531
6514
3170
9014
9665
4031
2772
2295
4137
9917
6516
2825
6037
5305
3953
8011
5405
6693
9571
5802
937
8591
7429
8125
4970
5220
59
5706
5649
1575
7489
8955
6309
8935
4212
5234
9792
968
6046
1452
5012
1377
8156
417
9959
8320
7730
3013
8767
5989
5053
3826
6914
8930
3820
2319
4996
6816
4418
8550
5114
4520
6602
3717
941
3179
3415
7247
2215
1204
1581
234
7565
9396
5119
2354
3388
3122
6259
1199
7262
8453
8413
6670
4123
3216
5151
2069
6948
8856
7732
5391
953
5702
5347
4712
1194
5908
4802
6024
6616
8197
3961
1865
9697
2981
1596
912
5213
6567
8757
1759
7820
4907
8269
4611
3416
4044
836
7606
2977
337
6831
8359
1024
5840
4862
2831
2698
5248
6303
9430
9527
380
2121
3629
2479
3830
6920
4692
3821
6713
4023
9547
3649
2303
4722
8822
3533
6978
3388
1390
4009
6190
6031
8051
6171
7703
1560
2273
8523
4981
363
975
1621
1496
9728
8082
3207
9711
9920
3408
6002
629
6030
5853
2179
6970
1882
7527
5924
5218
7671
2369
883
6385
5489
4207
2710
7021
7390
3431
3324
199
6219
1439
558
6659
5878
9065
2390
521
1189
7321
5037
7052
6642
451
2675
5995
894
2730
1335
4082
5102
9717
6093
9660
5229
2478
8126
9760
8110
2745
6448
9894
2028
1487
1239
2815
6921
2229
2848
4642
4066
489
4513
3171
3085
3139
8511
1226
2180
5764
9454
9245
1468
7216
9113
5335
419
185
7179
3308
9889
7144
7532
3595
3981
3983
5288
5477
6018
884
5919
9019
6777
7077
5551
4665
7291
3393
2276
5590
783
1843
5010
5301
9711
2859
8149
8165
3393
2844
3857
1911
6567
1785
1055
2846
1540
467
4253
4061
2243
2184
281
2182
7453
987
7680
1448
1009
8992
9770
460
1991
3924
9582
2313
2135
6006
713
4444
1661
7595
1092
9203
6275
9214
3888
8319
8067
9978
3636
1404
7914
5966
2624
9383
2392
5884
6224
348
7021
7516
1541
4815
3239
2983
943
6359
8592
7619
7478
644
26
60
9486
747
3456
7589
3956
8106
2912
9904
5885
1870
7065
8678
9364
5975
9356
4865
3391
1902
4552
9917
7524
3877
7304
7038
704
5423
8852
1199
8119
7978
1828
3857
9050
7887
9736
887
1826
2641
1970
1827
547
488
9538
3130
1278
5530
6711
8447
65
4661
7620
3852
3989
47
248
7653
1083
7743
5179
4718
3586
3248
9063
1971
4201
60
8611
6589
5564
3469
7117
970
2308
162
912
5409
1768
4057
9179
7950
4962
3544
9161
4350
8835
714
3763
3108
2629
195
104
4842
9291
858
4789
8682
676
490
6331
1636
5356
1815
1466
5908
5686
7765
9115
5544
2810
9535
5763
3532
9805
4689
3342
3166
9694
973
9671
1636
6820
8626
743
7899
7395
39
4895
9684
6237
5084
4512
7481
3477
4656
2962
1874
7108
6789
2710
2170
8766
2792
1118
775
3391
685
4725
3377
4639
7946
5661
9244
4384
9816
4634
9471
509
2736
603
5357
185
6309
3684
6015
8781
2194
2256
2742
8821
5137
1047
9336
5715
7368
3841
7188
1156
5400
4557
9495
4097
1108
512
2351
2710
7469
5790
6560
817
9869
2977
138
2907
3929
6996
6696
3374
1231
978
7683
8171
2135
7725
511
4487
2315
2397
8843
1047
2927
7064
2329
4817
9950
7969
252
3687
5640
7020
1465
5371
5602
4994
2960
3754
4965
2195
6677
4870
9953
8536
3849
7642
3848
4864
3124
794
5558
5347
5330
4835
2957
777
1948
9842
2416
5366
2407
118
8820
9803
7232
4657
1048
1395
9547
5786
4699
1155
9494
6609
4957
5088
5299
1264
217
8016
2404
1658
6515
811
9607
9454
9196
8795
2798
6801
670
1384
812
9956
5762
7844
1654
1054
7579
330
20
1987
5313
4535
5173
9777
6497
9340
2709
7103
2644
364
6331
3171
8224
2822
6170
2712
6870
923
4276
9044
5538
8065
3006
5410
6297
3427
3335
2659
2171
4365
5694
1536
7723
4989
8883
1905
4921
4129
901
1887
4412
670
4037
7728
9776
3245
9860
2194
5359
5295
1351
9341
7229
1973
2770
6165
3985
1631
8970
8598
6064
3798
9106
6470
3648
816
5771
2013
1138
6818
2410
9614
4214
6839
7434
1506
4035
1668
6749
119
8336
2898
644
6418
3119
4835
4613
1737
3337
2665
4787
8615
9659
908
70
7886
2957
7101
4332
566
5106
4307
4131
4395
4606
9051
8435
6164
3570
7678
6658
8732
6953
7920
2334
6651
4486
3349
198
8958
4452
3067
5517
8383
5473
1265
8112
9373
1825
4120
5965
8151
459
9702
1069
8847
1478
9520
6738
9215
6111
2139
9333
3289
7361
9396
4402
9174
825
1639
6404
161
3806
1360
4881
5944
2561
5976
6210
8406
5090
9566
6738
6876
297
3091
4751
7810
537
9737
3207
1776
2911
7748
1265
2859
6529
5523
5801
1897
4678
7609
7473
5487
6137
4150
9421
5950
3268
4659
2475
9717
9418
4882
3747
7335
3873
2386
8184
211
9561
9594
3821
1313
1361
8017
821
7207
8730
5097
3060
7270
7218
9301
1399
1660
1960
3521
9103
6106
4031
8847
9469
5041
2250
659
2683
4615
2864
4044
7616
7309
7655
6646
797
1214
7421
6619
5112
6233
1912
5800
33
5290
2766
4633
8298
5389
5113
2777
193
3514
3244
8207
409
90
3140
380
2578
3544
5363
1258
4516
5949
9211
6178
9023
9581
5921
8316
1508
8589
7320
4852
1027
2512
4562
3232
4615
3797
5426
6083
4383
1624
5852
4030
889
9493
7717
9008
7020
8237
6301
433
6448
9754
1762
1925
8601
5930
9644
9687
9788
269
4331
3924
4488
8371
8462
9063
1402
8409
8250
2270
8123
6587
6010
8189
5922
5292
2449
8318
1534
375
9827
2486
7651
1673
8482
6062
9023
1794
1041
1500
5294
7116
7456
87
4295
3269
5235
4577
2658
1424
1207
4121
3952
9471
5459
3043
7760
8645
9933
9220
4760
3352
2291
8756
3782
2303
7239
6128
8942
5053
3735
3980
4288
977
7481
6272
9963
6058
9192
8810
353
2940
9940
7590
3608
4700
7816
5217
8512
352
8682
3949
8983
2520
356
9652
2673
1731
3778
5963
8606
8180
8812
1137
7654
277
2186
6194
1878
4365
1752
6000
8994
9903
2617
4399
2645
2792
7571
2435
7216
8820
3423
6311
4449
2362
2370
1572
8187
8724
7228
8316
4206
3872
6659
69
546
64
1694
5099
6502
645
1339
7581
6888
7083
7667
907
2079
389
248
6365
8550
7871
9878
9701
6694
8180
5878
239
3261
8119
6570
9896
9125
7764
2003
6164
6634
8567
8165
9732
4456
2082
5046
7862
1681
2933
1338
7698
3623
6665
937
7946
3907
4645
8004
532
8755
6808
5794
7062
8681
894
1579
4926
8120
4857
3998
9100
7803
57
2201
9893
3333
2555
7152
7832
9936
4822
6357
3351
6201
9129
1924
5073
938
499
8606
4166
1636
1330
7647
6142
6828
7663
4157
5887
1060
5629
9507
5756
29
6875
6239
278
2364
7433
9451
8966
7336
4974
9885
2089
4968
6374
756
2241
715
6197
6841
6274
1236
4818
9903
8983
1149
5393
7309
1176
103
3261
7198
248
7858
1949
8852
9166
8084
5125
2045
5679
6064
4705
2082
1374
7936
5961
8485
8818
8115
5910
8084
3022
4043
1755
5590
4110
82
9109
4004
2050
9594
2128
5390
7208
7174
1549
1860
4233
2935
6198
1275
8282
1241
4614
9710
794
8786
1365
2542
930
4564
753
111
2429
368
8474
4027
5950
3555
6303
9432
725
8905
2090
163
3778
3390
9033
422
7859
9596
5078
3873
1480
2958
2067
5111
2965
3612
6197
5587
3479
9762
7977
3973
5651
7923
2859
7669
7052
9187
3194
6881
3013
8479
5690
4614
1093
3751
4665
8040
8490
2449
5080
4571
1225
1031
3550
8129
7832
5425
3236
5845
1608
6341
6538
9098
4171
5532
5729
2734
80
6319
5758
5374
1031
9343
592
458
4556
3996
2172
5112
6754
2167
6012
6271
275
5923
3249
736
6382
8359
7591
9168
7047
9766
7797
4440
6348
4090
9325
1771
7359
1887
7367
8322
3115
6395
2824
8130
7277
7530
5050
1822
5026
4772
6199
1010
4767
7077
8646
4620
1931
3369
7319
5238
8576
8576
4196
1737
2021
2337
5401
1602
3908
3569
7527
1848
2224
1981
5268
5620
8558
2144
9672
7238
2257
3331
2823
5062
3670
64
3354
8872
7159
8305
3936
6582
4283
8290
2486
4841
3814
4119
6225
9532
8492
3194
6138
3056
5211
1102
5380
6242
4032
2387
3337
4847
1180
2514
1445
2766
1911
7477
8042
6397
8208
573
4626
3240
1597
1404
3418
6410
9672
5718
4628
1767
3497
7980
3617
3222
6922
649
4977
9392
1345
3168
9680
2192
8180
9981
4910
6047
2145
4408
7024
8838
796
1557
6428
817
8051
1625
6996
5407
8411
6255
3289
2185
2765
1473
7605
8843
5159
3936
9262
1311
9591
6923
5871
3790
9217
5952
5612
23
1268
7142
6601
4982
2374
7244
7382
5766
7728
9961
4188
5126
2264
2898
1484
8064
5635
7060
3391
9187
9392
4507
5328
6168
8529
4097
9261
247
1571
3768
9809
2211
5069
131
148
9246
1060
7517
5971
1914
17
8211
5288
7792
1940
3330
2146
421
2143
2267
3579
3281
7747
3166
2988
3495
4138
354
8468
135
8981
8649
2623
4651
7569
7244
3876
8907
8452
1637
3858
7431
2462
9050
5224
767
3420
8850
8479
7536
6985
4540
4632
7588
6659
1608
9328
9596
1369
5519
1259
4403
5283
6931
1432
2298
5386
7057
921
6163
6631
4990
5843
4576
1195
4029
6609
5643
7776
3134
2976
2615
5236
6238
2666
519
7226
361
348
2161
3739
4006
4779
2979
4578
2424
7862
5331
2042
3511
5605
507
5868
4693
6277
951
6524
6077
749
3135
4306
5311
724
7283
4167
9026
5037
6045
5298
4908
477
986
119
6961
2584
6563
928
9576
8664
7232
1488
1092
1272
1704
4948
8042
9533
8283
5021
9920
3785
8768
1439
8700
2536
229
3639
7466
5930
1507
5612
6620
6601
9755
1535
4829
2425
1691
5157
6926
2032
6779
3707
8054
4056
5228
7452
5057
9594
1649
8367
2261
7642
9098
6210
195
207
8008
8442
2522
7234
5579
5991
3462
5214
2366
3574
5870
2937
4083
4835
4709
9141
4230
5294
4674
5547
9315
8560
4398
1036
5697
1851
6185
1870
9252
3097
5800
18
4163
4957
2174
762
7273
4006
3410
6671
846
7220
5603
2152
5837
3468
5395
7447
6163
5291
37
7144
9221
9402
8680
709
9747
4367
4276
5598
7324
7734
2649
3677
8418
1339
1952
9990
9854
8450
9230
9468
2018
8468
5371
9654
914
9192
8393
224
9765
4409
5511
5388
7338
7680
4179
8733
3564
3329
8604
1407
8501
7349
1359
617
449
8362
7818
1004
4704
6943
2239
7382
4178
9527
8159
1591
8628
2684
3443
14
9446
5830
5117
7983
8365
89
3607
7527
3574
8426
6256
7720
6055
823
6430
380
2720
2211
8473
3519
8016
8352
5892
3475
414
2975
9289
1965
9687
7726
7159
4070
7139
6241
8897
6548
2992
1000
2254
5975
4001
4017
667
8946
477
6527
8072
7943
9475
9998
1024
7946
609
6087
2043
4866
1947
9658
707
5207
4978
7834
4025
2142
183
531
9008
7965
8223
8710
9305
2636
7888
4550
4313
9893
8640
830
2580
2810
2146
9909
9800
9890
1058
4631
2774
8040
8114
3728
5956
8205
4736
7630
3699
8895
8649
9374
7744
4558
8305
609
7771
4673
2521
4960
2470
2682
9533
1761
2037
2614
7226
6154
7468
3327
6715
5365
5984
7587
2139
4570
1852
8848
1566
2920
3850
7608
3989
5745
369
769
7033
653
5914
9990
6311
7746
7242
2677
3678
5435
3596
3657
3746
3794
5045
9642
2783
4040
6547
4900
2512
6952
1927
4546
4389
2370
319
1671
2876
4805
2529
7086
5409
6775
4132
9838
8521
1364
8484
5844
4950
1320
4981
7546
5294
1044
5857
609
1360
3877
1214
2964
8593
2767
799
5740
6191
9967
3883
510
9208
3302
5651
978
6450
4850
178
2544
2017
5299
5506
6207
1845
1321
6897
2102
2707
5111
9923
2470
3297
2402
5943
9023
1256
2606
5002
910
5861
159
2259
5425
2391
194
4767
4063
9579
2577
9318
8715
9361
8539
7248
1548
4304
4561
7440
4184
1829
9190
4931
2952
8436
237
6960
5927
3056
3637
5321
9735
719
9023
4971
913
7429
9431
1213
7300
582
6765
8088
9729
6201
557
9566
2890
3159
2802
3460
3638
3511
5641
808
5137
5507
3629
4246
6096
3962
9966
6078
4656
1508
213
361
1157
8158
8725
3521
8743
6905
7378
5073
3450
1638
1947
6752
1725
1963
3147
7034
4903
1845
2418
3484
7942
9878
7854
9831
6837
8690
877
5927
5770
5461
4334
1224
2517
187
1472
6861
5646
5940
4964
7940
1135
2742
9737
5983
3094
4607
4550
9978
8739
4636
940
2305
7705
9911
3352
7959
4032
9098
4155
7194
1539
264
5690
6249
2257
3803
2071
2824
5966
5467
7514
1181
8926
9217
7602
6514
2757
2169
5277
4522
3700
8954
1443
6577
3191
5908
8488
2700
7169
6602
5773
8291
5998
5006
3543
4336
8017
5026
1253
9263
7887
6012
8049
6922
6350
618
6508
4962
5461
279
505
3554
9807
5756
8699
8425
2231
5565
3475
3764
8585
4899
9344
6269
5438
1021
7568
9966
9292
1872
5286
8975
333
4866
5301
5950
6225
5303
6082
589
7296
6232
4534
5521
7809
5393
6814
6354
9187
6214
1986
791
3469
3800
4586
9784
6855
8641
4665
1442
7555
1412
9434
6280
2561
8843
5695
5475
2603
6694
3257
7748
8652
9279
1064
3059
7968
4811
4367
9880
5047
3055
2353
7975
8317
7539
7654
1190
5355
1179
3127
2281
8391
2562
5816
8764
5262
3454
4182
2360
1762
1769
6883
429
3849
7994
3325
1030
2349
5619
4975
9042
4683
1000
6959
6610
3831
6848
3133
9542
3331
138
9746
3383
7535
1249
756
1171
5999
6066
6377
1002
7492
6856
8040
4456
7195
8747
4366
1454
7140
9675
3457
4464
6241
2023
2801
618
7835
763
9992
4832
9101
9744
2701
1524
8402
6037
2357
9132
5630
2321
2203
8255
1025
6759
8974
5528
970
5987
6186
5195
9560
7633
6324
3392
2936
3455
1317
8413
2647
9035
8123
8947
3654
2135
4208
8609
878
5081
8082
2462
2248
7606
5523
8270
4237
7997
8232
5929
8764
976
6359
1109
1624
3927
51
7790
4320
4937
9894
3021
5631
8514
4154
5196
1593
3511
3703
6692
8988
3014
7808
8278
7109
5971
2184
6452
2180
9561
1777
3400
2891
5506
1930
2948
7412
8958
2569
57
2623
9503
5815
9589
7870
3232
7279
903
3855
380
6048
2241
4535
2327
1623
5780
8655
9915
4542
2330
6288
5194
352
2359
8164
386
790
72
4627
6142
6231
230
3309
1727
8696
593
4446
6938
5949
139
3570
5183
8168
5078
6491
5208
1020
9278
3773
1287
4917
8884
595
7925
3844
3099
4505
3656
4575
653
1720
5075
327
2402
8043
6326
8551
8997
1816
5108
8808
3200
3747
4158
9646
5505
2123
9850
594
1856
4490
6729
9766
6038
7034
822
5572
7519
5402
1434
58
7108
2982
6963
8210
8442
8206
4853
3923
9626
8323
9389
2268
962
1193
7692
2818
6663
4398
9886
7369
3560
7726
3737
1709
8011
1658
5304
7800
5992
955
7465
9959
7698
7121
1950
9269
1932
4494
8148
9303
1651
2375
1527
8641
1239
8603
2404
5755
7678
2735
897
4810
8127
2579
1251
8599
5854
457
4604
856
1844
3114
8469
1761
3509
129
8679
222
2591
4462
1065
2130
4532
9005
2890
9333
6352
798
8367
7399
9950
3670
4267
3954
572
663
5040
3618
6500
7673
43
1391
6398
8656
9213
3782
6360
9481
1597
1772
6724
4011
8209
6396
8257
6190
1389
5440
9528
9612
5422
4516
9479
5432
1802
5562
3305
5552
2951
2920
6994
1631
6687
5250
2204
2778
767
4576
504
1620
1498
932
761
6307
9350
5340
187
3788
7098
9718
4100
4034
6697
5539
6578
2420
4523
6727
3628
42
7517
2707
2590
8303
6006
5304
497
2515
7431
7431
4178
7090
1722
6593
2392
8880
7942
5501
1450
1167
71
7556
6782
4751
214
7822
1056
944
4879
4833
9757
1431
5296
4440
9508
2916
2148
1810
5773
8182
1583
854
3940
3648
9175
1798
631
9683
1399
9270
9953
7450
3135
3480
6913
5001
1379
7036
5854
5441
4150
2805
5621
2523
2537
5738
9485
6682
5720
7669
7248
4072
8268
8906
6192
9684
9418
8235
9731
5568
7646
4135
1361
5188
3715
7245
4534
7946
2478
3128
9328
2206
9087
4875
6784
9083
7006
8904
6314
2084
1192
3109
5849
5084
819
8540
3575
8266
2915
7943
4180
2375
2422
4588
912
2988
692
7548
3338
9833
5712
8435
6486
1011
9010
5227
3573
3012
1985
1472
7848
6964
9706
3680
4929
17
5197
4180
8620
5684
4769
4078
3310
4786
1196
741
2651
2581
8643
2656
3537
8089
73
8689
6776
6335
8961
3980
1137
8283
2157
8557
5323
2972
6032
278
3349
727
3288
4561
7464
9028
948
6796
6985
1972
2412
9087
8998
9085
1884
9233
3286
6223
8601
7184
6092
8049
8070
4478
5641
3637
2764
3060
7560
1748
7247
3548
3354
615
1171
2079
6632
2513
8491
5038
8318
3054
106
3644
877
5708
8017
7014
4751
5308
5809
7656
3239
6472
7649
6339
8983
5436
2229
2904
9333
3892
2388
6650
9746
3211
2169
707
5714
170
9555
5010
551
464
4090
4492
3445
8472
4402
3247
9248
5373
5991
5084
4793
7379
2406
4040
8045
427
635
8230
8344
1992
5434
1329
3855
2686
6462
107
6723
452
9
5072
1538
953
3273
7771
7136
2231
9949
2984
9693
9190
9609
7781
1821
9296
5058
5442
4066
8109
3834
9874
2627
8005
2406
5504
3033
1299
2813
3052
4653
1964
7620
3148
7655
8244
5452
9925
6382
1443
5086
5990
2613
4397
8992
80
2347
2842
7234
4278
6029
3577
751
380
8148
6810
7057
5757
5969
9333
1103
5371
9465
6344
7466
1046
564
3329
8665
9135
9980
653
7051
7392
9059
7436
8934
3134
5159
1325
3769
8395
2037
5220
6308
8957
572
5684
4351
9748
6190
4575
7486
219
7131
5440
6348
6555
3382
576
8511
4755
5979
1326
4939
1793
4583
2235
8196
1572
6210
4929
4874
5627
3667
3908
719
6890
313
1022
5189
1447
5044
2690
3517
7522
4252
6149
5008
9863
9229
7833
7526
2853
2944
8373
5331
3214
9112
6957
653
7763
3696
1965
2210
9606
8328
263
9149
6831
9669
2003
505
461
7615
4546
4726
421
2740
6949
6189
2423
6510
4981
8964
7099
4179
7221
7164
7992
8044
9167
4174
7178
1042
4783
3901
8522
361
8101
8249
5763
5910
5730
2372
3683
6548
8620
4257
5223
3910
7860
1501
5460
9215
9081
6854
6332
8820
8533
6116
3507
5845
6481
4919
8209
1162
9027
293
9571
2777
9128
9891
1284
1116
4075
9223
8944
8799
3509
3286
2102
1554
3671
7865
6700
9750
2732
7815
7965
127
5511
6135
1956
7182
4033
1000
9913
5466
3367
8655
8449
1440
1203
5513
1051
4871
9832
7575
1993
3967
267
1755
890
9167
100
9610
3558
6253
6910
7564
6503
4317
6764
4161
9441
575
3196
3085
3206
3635
6240
8627
1431
1446
2540
762
7638
1064
1990
9955
1309
3459
1692
5952
192
909
555
1154
8786
353
9126
1835
5803
1857
7057
1478
3791
5895
1364
2285
7825
9712
9411
8684
2427
9121
6891
5498
6047
2781
3476
7754
3073
5990
9857
6852
9025
4054
3740
9560
9948
2528
7650
9338
7464
4046
413
8773
6100
1736
5066
2880
5401
4232
7457
6022
1624
6220
3080
4675
5042
9222
2195
3439
6069
6510
3747
2198
7526
9425
287
4044
2400
9544
2609
2296
4597
1528
5327
7828
7328
9792
7310
4423
3554
4748
8307
5876
2759
7067
4436
825
2163
5966
362
2439
4644
7285
5139
3013
8087
5905
216
4252
7122
511
15
6921
3250
7552
258
9556
7059
8099
1430
5021
2929
9799
7060
3169
5659
6911
6831
5347
5778
8326
4473
1745
21
2407
1435
1204
319
8246
1024
5487
2639
3422
574
5154
2377
8976
141
9708
4123
4889
1238
1323
7920
206
5594
9942
7981
2131
8691
7731
254
9081
9901
6079
2838
5468
6728
63
2203
3645
261
9062
7016
2989
8749
8424
6777
8846
6343
9904
4146
6104
859
2348
4512
5884
3374
4597
8482
1647
2786
920
1835
8777
9287
1861
2960
2822
7739
7390
2465
4274
1899
3247
2899
5785
7699
6908
6933
5651
1335
498
7886
9315
5605
8440
7620
5320
8217
1098
567
4955
498
2010
3452
1490
9235
3425
1595
5259
3743
4681
4903
160
8269
4093
3681
5602
8137
4495
6058
6303
2587
5115
724
8613
6213
9316
8159
9978
7765
9481
7362
5017
5270
8527
8677
7325
2381
6024
4350
1026
7180
4236
9196
8523
5219
1615
1143
2464
7803
818
7211
9973
139
8090
1370
1228
444
5653
2262
5048
4064
1581
8662
5686
4300
7449
8772
3557
9347
9502
6091
6246
7202
7029
5304
4541
242
8425
7896
1327
4868
5830
4450
9320
226
8264
2738
4048
131
4012
1804
443
2528
4388
4638
7672
9400
1882
6285
5662
6076
9256
2502
4033
2303
8506
6368
661
4336
1138
9192
205
7704
6715
893
9974
466
4662
514
9215
352
4736
9681
2308
4016
2292
8260
3776
6689
7315
171
5402
1040
8945
1348
5744
6452
5700
1045
503
6841
4740
7973
5897
2328
4724
7654
4264
6386
4867
6474
7016
8782
4256
1712
8457
4443
6962
3482
12
630
3464
3208
6730
1505
9413
3617
2514
7940
119
150
9727
5062
793
9782
2299
1959
3280
5507
4196
7404
1541
9523
4675
9769
5116
5869
8557
687
7191
2057
9733
630
4089
6766
4491
2339
436
9612
1016
4936
4626
6339
7828
1064
1206
8326
8908
4259
4948
3178
5585
8327
9036
4631
2977
5493
2499
3412
5077
4523
5797
4603
4656
8331
6070
5221
4114
7529
3929
3340
2156
7427
7669
2923
4219
2746
5333
3488
2493
2266
8636
9962
4033
2974
8173
1065
1428
1271
5306
1072
9484
4437
8643
6075
8888
6881
8062
1939
8342
3178
8406
3428
4510
2155
4084
9881
4750
3664
6884
1068
5782
3011
931
9705
3633
6464
5265
8536
7008
6369
4809
1399
7134
1294
1741
7548
2514
5637
9459
3851
9130
3769
3314
3425
5945
2396
8579
2697
5684
7641
922
4982
1915
4574
8162
1199
8601
8571
4632
7889
462
6370
4699
5252
3718
9734
6275
7741
7102
1105
4711
4433
1327
8848
6187
1722
8961
4413
6803
3691
7019
3199
7577
6945
9656
6075
2101
7348
235
5732
6386
779
5592
8377
7628
4017
1422
6080
3814
7118
2369
2227
7437
